0000024128
0000024128
0000172377
0000163555
0000219345
0000181675
0000168562
0000166178
0000273705
0000170946
0000167608
0000166416
0000170231
0000235081
0000022459
0000226736
0000162601
0000022912
0000022912
0000196218
0000175714
0000171423
0000237942
0000171423
0000183105
0000161171
0000001688
0000172138
0000165224
0000228405
0000164986
0000178099
0000219584
0000185728
0000232697
0000234842
0000167847
0000170708
0000170708
0000168085
0000181437
0000169277
0000016427
0000022316
0000220537
0000162601
0000016427
0000175953
0000022769
0000167608
0000016737
0000172138
0000174761
0000170946
0000165939
0000173092
0000178337
0000001719
0000172615
0000229359
0000174999
0000166655
0000023222
0000232697
0000207186
0000184298
0000168562
0000022912
0000225544
0000214338
0000166416
0000165939
0000175476
0000016737
0000226259
0000226259
0000174999
0000232935
0000022006
0000016737
0000216246
0000190973
0000237703
0000189066
0000174284
0000238419
0000230551
0000178337
0000166893
0000221252
0000001719
0000146389
0000188828
0000169039
0000181437
0000171661
0000158072
0000168085
0000219345
0000214815
0000181198
0000022316
0000161648
0000167608
0000171661
0000174522
0000168085
0000174761
0000225544
0000166655
0000161171
0000168324
0000160694
0000222921
0000020957
0000018549
0000169754
0000016427
0000233889
0000175714
0000022912
0000162363
0000163078
0000174522
0000217676
0000222445
0000163555
0000188351
0000257969
0000169039
0000017333
0000164986
0000229359
0000229597
0000163317
0000216722
0000173092
0000225782
0000253201
0000237465
0000269175
0000210524
0004048109
0000218391
0000256538
0000221491
0000250578
0000025034
0000235796
0000176191
0000226974
0000170946
0000180483
0000184774
0000165462
0000175714
0000170231
0000016427
0000172853
0000222683
0000214815
0000169754
0000164986
0000160456
0000001688
0000168562
0000170231
0000175953
0000169277
0000207663
0000022912
0000182867
0000178576
0000001688
0000234842
0000226259
0000169039
0000160933
0000177383
0000226498
0000220299
0000180483
0000193596
0000236034
0000177622
0000219584
0000232935
0000169277
0000181913
0000164509
0000167131
0000160217
0000022912
0000162363
0000175238
0000187635
0000231028
0000016737
0000161171
0000015974
0000172853
0000236988
0000224829
0000022006
0000174761
0000231266
0000223398
0000225306
0000201225
0000226736
0000227213
0000258446
0000169754
0000021863
0000216484
0000210285
0000247478
0000256062
0000238895
0000170708
0000213623
0000173092
0000165462
0000016427
0000174761
0000230789
0000219107
0004048347
0000254869
0005271196
0000222445
0000173569
0005295038
0000016737
0000174761
0000169039
0000169039
0000226021
0000230789
0004039526
0005292654
0000015974
0000232458
0000166655
0000169992
0000163317
0004081964
0004044056
0000253916
0000256538
0000264883
0000217676
0000022316
0000252485
0004026651
0000217438
0000217915
0004039526
0000225067
0000235319
0000166655
0000158787
0000226736
0000172377
0000236034
0000166655
0000167847
0000231266
0000173807
0000170708
0000218868
0000221729
0000159979
0000170708
0000187159
0000234604
0000216484
0000165939
0000220776
0000177622
0000163078
0000215054
0000164509
0000166655
0000213861
0000185013
0000248909
0000168562
0000016737
0000218391
0000166893
0000022316
0000169039
0000222445
0000164986
0000215054
0000222206
0000172377
0000166893
0000172377
0000226736
0000172377
0000169516
0000165701
0000166893
0000226498
0000230789
0000224352
0000182867
0000173569
0000166416
0000223875
0000169992
0000163078
0000165462
0000165224
0000181198
0000166655
0000170231
0000165939
0000022006
0000173807
0000017333
0000232458
0000165224
0000166416
0000017786
0000181437
0000247717
0000169039
0000174999
0000245333
0000235319
0000167131
0000218868
0000163317
0000173807
0000168562
0000165224
0000161648
0000167131
0000173569
0000016737
0000164986
0000222445
0000173807
0000164509
0000017333
0000169992
0000222445
0000160456
0000017786
0000216722
0000167131
0000022459
0000016737
0000174999
0000166655
0000001688
0000163317
0000252724
0000165939
0000227928
0000222683
0000229359
0000170231
0000224352
0000164986
0000164986
0000165701
0000023675
0000231266
0000214338
0000022006
0000167608
0000146151
0000161171
0000165701
0000165939
0000022006
0000188589
0000232697
0000159979
0000159979
0000162601
0000192642
0000164032
0000001688
0000212669
0000180244
0000160694
0000001688
0000013566
0000163078
0000152349
0000195503
0000159264
0000161171
0000168562
0000163794
0000208855
0000170708
0000161648
0000162363
0000164986
0000164032
0000227928
0000236511
0000250816
0000163794
0000022912
0000165939
0000229359
0000224829
0000175476
0000016427
0000164747
0000174761
0000168324
0000242949
0000016737
0000163794
0000179768
0000165462
0000206709
0000022459
0000173092
0000178814
0000169992
0000219822
0000175238
0000176191
0000232458
0000171661
0000164032
0000171185
0000216722
0000213385
0000166893
0000159264
0000174284
0000242949
0000165701
0000001688
0000161409
0000170231
0000171423
0000169754
0000001688
0000167608
0000229836
0000179768
0000172377
0000187159
0000165939
0004040718
0000171185
0005273342
0000403595
0000276566
0004036665
0000225544
0004034281
0004033327
0000223875
0000222683
0000403738
0004042149
0004025936
0000232935
0000258684
0000162363
0000168324
0000189781
0000243425
0000175238
0000212431
0000169039
0000171423
0000170469
0000017333
0000238895
0000219107
0000233173
0000225782
0000231981
0000164747
0000016284
0000166655
0000160217
0000166655
0000167608
0000174046
0000176907
0000174761
0000174284
0000172615
0004039764
0004035711
0000169516
0000163317
0000217915
0000167608
0000164986
0000231981
0000168324
0000001688
0000181198
0000190735
0000169277
0000221729
0000162601
0000210762
0000177145
0000166416
0000165224
0000001688
0000015974
0000157118
0000172138
0000195503
0000169754
0000189066
0000172615
0000221968
0000175476
0000184774
0000169992
0000176191
0000170231
0000163317
0000159979
0000175953
0000159979
0000169516
0000177383
0000165462
0000016284
0000261068
0000221014
0000165701
0000170469
0000164509
0000169039
0000168324
0000173807
0000001719
0000163078
0000225782
0000227451
0000169516
0000181198
0000145912
0000206232
0000232935
0000236511
0000253439
0000230551
0000255346
0000254154
0000260115
0000167608
0000228405
0000178814
0000164747
0000172615
0000001719
0000002141
0000166416
0000170946
0000169277
0000220299
0000016284
0000165462
0000168324
0000161886
0000001688
0000001688
0000171185
0000172615
0000001688
0000237942
0000236273
0000018549
0000165462
0000221729
0000167608
0000169992
0000173569
0000224113
0000170946
0000163078
0000200272
0000173807
0000235319
0000210762
0000266552
0000184298
0000024581
0000023222
0000170708
0000022006
0000198126
0000234842
0000215054
0000267506
0000170708
0000174284
0000177145
0000176191
0000193357
0000186443
0000232458
0000026083
0000215292
0000237226
0000168324
0000178099
0000294924
0000230551
0000204086
0000242233
0000177622
0000281096
0000028038
0000273228
0000255823
0000232697
0000225306
0000258446
0000258684
0000242949
0000224352
0000171185
0000015974
0000263929
0000162363
0000000211
0000234604
0000296116
0000211716
0000162601
0000222921
0000228643
0000165701
0000212431
0000169754
0000169039
0000021553
0000252724
0000268221
0000210762
0000170946
0000223875
0000228405
0000167131
0000166416
0000217438
0000226021
0000175714
0000231028
0000164032
0000166655
0000167847
0000226021
0000177622
0000171185
0000016737
0000166655
0000262022
0000174046
0000001688
0000172615
0000169516
0000170469
0000189304
0000169516
0000222206
0000170231
0000162601
0000207663
0000167608
0000178099
0000167131
0000172138
0000191689
0000195265
0000252962
0000216961
0000254393
0000221729
0000258207
0000178576
0000160694
0000187159
0000166655
0000180244
0000167847
0000264883
0000158072
0000164747
0000170946
0000165939
0000166416
0000168085
0000168085
0000220299
0000223398
0000257492
0000179768
0000169039
0000169992
0000181437
0000169516
0000170708
0000240326
0000178099
0000165224
0000171423
0000023675
0000163555
0000169039
0000225306
0000018096
0000178099
0000224352
0000164509
0000167847
0000169277
0000179529
0000172853
0000233412
0000175238
0000166893
0000174522
0000176907
0000169992
0000254869
0000207901
0000222683
0000171661
0000170708
0000178814
0000161886
0000168324
0000171423
0000172138
0000017643
0000219107
0000160933
0000234127
0000221014
0000175953
0000165224
0000167131
0000165462
0000169516
0000226736
0000174284
0000165939
0000174284
0000169992
0000178576
0000178576
0000164747
0000174522
0000001688
0000169754
0000176668
0000016737
0000226736
0000162363
0000167608
0000170231
0000222206
0000174761
0000016427
0000159502
0000226259
0000164509
0000173569
0000169992
0000162363
0000163317
0000226259
0000163794
0000173807
0000169516
0000175476
0000022769
0000164986
0000161171
0000213385
0000171423
0000229359
0000160933
0000175953
0000172853
0000179291
0000164986
0000169039
0000216007
0000174761
0000275373
0000158072
0000236273
0000169516
0000164986
0000163317
0000234604
0000171423
0000174761
0000224352
0000168562
0000217438
0005283594
0000238657
0000170708
0000170946
0000174999
0000159502
0000208855
0000017333
0000170946
0000163555
0000164747
0000243425
0000022459
0000165701
0000016427
0000001719
0000168324
0000166416
0000169277
0000226259
0000185013
0000163794
0000224829
0000160217
0000219584
0000185966
0000016737
0000176668
0000172138
0000170946
0000183344
0000164509
0000166893
0000165462
0000160694
0000158548
0000164032
0000166893
0000170946
0000179291
0000235558
0000166416
0000216484
0000016427
0000001688
0000167131
0000165462
0000167608
0000172138
0000162363
0000226021
0000222206
0000227451
0000164986
0000261307
0000016427
0000161171
0000219107
0000169277
0000175714
0000017333
0000170231
0000171185
0000022316
0000228882
0000244141
0000234127
0000169039
0000174046
0000168324
0000178337
0000217676
0000169754
0000176907
0000169754
0000222921
0000227451
0000174284
0000231504
0000156641
0000165462
0000172377
0000243187
0000165224
0000267029
0000177145
0000178814
0000161648
0000224829
0000263214
0000246286
0000026226
0000001719
0000169992
0000017643
0000165939
0000169992
0000195742
0000222445
0000172377
0000165701
0000176907
0000182152
0000016737
0000169039
0000227451
0000170231
0000164032
0000169277
0000169754
0000170946
0000237703
0000164032
0000237703
0000169516
0000226259
0000157595
0000001719
0000169516
0000167131
0004049778
0000166655
0000017333
0000167847
0000022912
0000164747
0000169992
0000168324
0000163794
0000231743
0000164509
0000206232
0000165462
0000212193
0000168085
0000234127
0000161171
0000177145
0000172853
0000171185
0004043818
0000166893
0000211239
0000026536
0000216007
0000175476
0004079103
0004050255
0000213385
0004029751
0004031181
0000254631
0000219584
0000289202
0004087448
0000403285
0000258923
0000253916
0000226021
0000528574
0000176191
0004039526
0004029274
0004025698
0000263929
0000227213
0004025221
0000254393
0000022316
0000175476
0004041195
0005293846
0000294685
0000226021
0004073143
0000156403
0000266314
0000022006
0004045725
0000248194
0000168562
0000024581
0000243425
0000212908
0004047155
